	DM RPS LEAD TO ADMISSION WEEKLY UPDATE FOR APRIL 2026 (AY 26-27)													Conversion Ratio		
Date	Total Leads	Closed Leads	Open Leads	Bookings	Total Walkins	Fresh Walkin/New Lead	Fresh Walkin/Old Lead	Revisit	Total Admissions	Spot Admission	Revisit Admission	Closed Walkins	Open Walkins	Fresh Walkin Conversion	Spot Admission Conversion	Overall Admission Conversion
JUNE	0	0	0	0	0	0	0	0	0	0	0	0	0	#DIV/0!	#DIV/0!	#DIV/0!
JULY	0	0	0	0	0	0	0	0	0	0	0	0	0	#DIV/0!	#DIV/0!	#DIV/0!
AUGUST	3	0	0	3	3	3	0	0	0	0	0	2	1	100%	0%	0%
SEPTEMBER	5	0	0	5	5	5	0	0	0	0	0	3	2	100%	0%	0%
OCTOBER	21	7	1	13	17	15	0	2	2	1	1	9	6	107%	6%	12%
NOVEMBER	34	13	7	14	28	14	7	7	7	0	7	13	8	100%	0%	25%
DECEMBER	261	138	65	58	45	13	16	16	19	4	15	13	13	24%	9%	42%
JANUARY	543	314	116	113	86	54	22	10	19	10	9	39	28	33%	12%	22%
FEBRUARY	238	63	96	79	67	16	33	18	18	2	16	3	46	28%	3%	27%
MARCH	287	49	110	128	81	11	51	19	36	18	18	5	40	26%	22%	44%
																
March 1	3	2	1	0	0	0	0	0	0	0	0	0	0	#DIV/0!	#DIV/0!	#DIV/0!
March 2	6	0	2	4	2	2	0	0	1	1	0	0	1	50%	50.00%	50%
March 3	4	1	2	1	0	0	0	0	0	0	0	0	0	0%	#DIV/0!	#DIV/0!
March 4	12	3	2	7	0	0	0	0	0	0	0	0	0	0%	#DIV/0!	#DIV/0!
March 5	10	5	2	3	1	0	1	0	0	0	0	0	1	0%	0.00%	0%
March 6	7	0	4	3	2	0	1	1	1	0	1	0	1	0%	0.00%	50%
March 7	10	1	6	3	11	0	9	2	5	3	2	2	4	0%	27.27%	45%
																
01/03 - 07/03	52	12	19	21	16	2	11	3	7	4	3	2	7	33%	25%	44%
																
March 8	7	3	2	2	0	0	0	0	0	0	0	0	0	0%	#DIV/0!	#DIV/0!
March 9	14	2	4	8	3	0	1	2	2	0	2	0	1	0%	0.00%	67%
March 10	9	1	3	5	3	1	2	0	0	0	0	1	2	20%	0.00%	0%
March 11	12	1	7	4	4	1	1	2	2	0	2	0	2	25%	0.00%	50%
March 12	8	1	3	4	2	0	2	0	1	1	0	0	1	0%	50.00%	50%
March 13	11	2	7	2	1	1	0	0	0	0	0	0	1	50%	0.00%	0%
March 14	4	1	1	2	7	1	5	1	3	2	1	1	3	50%	28.57%	43%
																
08/03- 14/03	65	11	27	27	20	4	11	5	8	3	5	2	10	28%	15%	40%
																
March 15	6	0	5	1	0	0	0	0	0	0	0	0	0	0%	#DIV/0!	#DIV/0!
March 16	15	3	7	5	0	0	0	0	0	0	0	0	0	0%	#DIV/0!	#DIV/0!
March 17	4	2	2	0	4	0	2	2	3	1	2	0	1	#DIV/0!	25%	75%
March 18	10	0	1	9	0	0	0	0	0	0	0	0	0	0%	#DIV/0!	#DIV/0!
March 19	4	1	2	1	5	1	2	2	3	1	2	0	2	100%	20%	60%
March 20	8	1	7	0	3	0	2	1	1	0	1	0	2	#DIV/0!	0%	33%
March 21	7	1	3	3	2	1	1	0	2	2	0	0	0	33%	100%	100%
																
15/03 - 21/03	54	8	27	19	14	2	7	5	9	4	5	0	5	20%	29%	64%
																
March 22	6	2	1	3	0	0	0	0	0	0	0	0	0	0%	#DIV/0!	#DIV/0!
March 23	8	0	1	7	4	1	3	0	1	1	0	0	3	50%	25%	25%
March 24	13	3	1	9	6	0	3	3	3	0	3	0	3	30%	0%	50%
March 25	18	2	9	7	2	0	1	1	0	0	0	0	2	6%	0%	0%
March 26	10	0	2	8	2	0	2	0	1	1	0	0	1	20%	50%	50%
March 27	13	1	2	10	1	0	1	0	0	0	0	0	1	8%	0%	0%
March 28	13	2	7	4	8	0	8	0	4	4	0	1	3	73%	50%	50%
																
22/03 - 28/03	81	10	23	48	23	1	18	4	9	6	3	1	13	27%	26%	39%
																
March 29	11	4	4	3	0	0	0	0	0	0	0	0	0	0%	#DIV/0!	#DIV/0!
March 30	16	2	5	9	2	2	0	0	0	0	0	0	2	14%	0%	0%
March 31	8	2	3	3	6	0	4	2	3	1	2	0	3	67%	17%	50%
																
29/03 - 31/03	35	8	12	15	8	2	4	2	3	1	2	0	5	22%	13%	38%
																
March Total	287	49	108	130	81	11	51	19	36	18	18	5	40	26%	22%	44%
																
April 1	10	2	1	7	1	0	0	1	1	0	1	0	0	0%	0.00%	100%
April 2	8	2	1	5	2	0	2	0	0	0	0	0	2	0%	0.00%	0%
April 3	7	4	2	1	5	1	2	2	2	0	2	0	3	100%	0.00%	40%
April 4	11	3	3	5	4	1	3	0	0	0	0	0	4	20%	0.00%	0%
																
01/04 - 04/04	36	11	7	18	12	2	7	3	3	0	3	0	9	36%	0%	25%
																
April 5	12	3	4	5	0	0	0	0	0	0	0	0	0	0%	#DIV/0!	#DIV/0!
April 6	10	1	1	8	4	2	0	2	1	0	1	0	3	25%	0.00%	25%
April 7	7	3	1	3	5	0	3	2	2	0	2	0	3	0%	0.00%	40%
April 8	9	1	2	6	1	1	0	0	1	1	0	0	0	17%	100.00%	100%
April 9	9	3	4	2	0	0	0	0	0	0	0	0	0	0%	#DIV/0!	#DIV/0!
April 10	8	2	0	6	1	0	1	0	0	0	0	0	1	0%	0.00%	0%
April 11	5	1	2	2	4	0	4	0	0	0	0	0	4	0%	0.00%	0%
																
05/04- 11/04	60	14	14	32	15	3	8	4	4	1	3	0	11	24%	7%	27%
																
April 12	4	2	2	0	0	0	0	0	0	0	0	0	0	#DIV/0!	#DIV/0!	#DIV/0!
April 13	7	2	2	3	2	0	2	0	0	0	0	0	2	0%	0%	0%
April 14	3	3	0	0	3	0	2	1	2	1	1	0	1	#DIV/0!	33%	67%
April 15	10	4	3	3	0	0	0	0	0	0	0	0	0	0%	#DIV/0!	#DIV/0!
April 16	3	2	1	0	1	0	1	0	1	1	0	0	0	#DIV/0!	100%	100%
April 17	6	2	1	3	0	0	0	0	0	0	0	0	0	0%	#DIV/0!	#DIV/0!
April 18	5	2	2	1	2	0	1	1	1	0	1	0	1	0%	0%	50%
																
12/04 -18/04	38	17	11	10	8	0	6	2	4	2	2	0	4	29%	25%	50%
																
April 19	4	2	1	1	0	0	0	0	0	0	0	0	0	0%	#DIV/0!	#DIV/0!
April 20	7	2	5	0	1	0	0	1	1	0	1	0	0	0%	0%	100%
April 21	10	2	5	3	2	0	2	0	1	1	0	0	1	25%	50%	50%
April 22	3	1	0	2	0	0	0	0	0	0	0	0	0	0%	#DIV/0!	#DIV/0!
April 23	9	1	4	4	3	2	1	0	0	0	0	0	3	38%	0%	0%
April 24														#DIV/0!	#DIV/0!	#DIV/0!
April 25														#DIV/0!	#DIV/0!	#DIV/0!
																
19/04 - 25/04	33	8	15	10	6	2	3	1	2	1	1	0	4	20%	17%	33%
																
April 26														#DIV/0!	#DIV/0!	#DIV/0!
April 27														#DIV/0!	#DIV/0!	#DIV/0!
April 28														#DIV/0!	#DIV/0!	#DIV/0!
April 29																
April 30																
																
26/04 - 30/04	0	0	0	0	0	0	0	0	0	0	0	0	0	#DIV/0!	#DIV/0!	#DIV/0!
																
April Total	167	50	47	70	41	7	24	10	13	4	9	0	28	26%	10%	32%
																
TOTAL (TILL DATE)	1559	634	442	483	373	138	153	82	114	39	75	87	172	31%	10%	31%
										373						